 82.554    2523
 70.307    2551
 47.627    2557
 48.988    2594
 48.534    2600
 56.245    2622
 53.524    2637
 46.720    2637
 55.792    2663
 51.256    2665
 43.091    2722
 68.039    2733
 43.091    2750
 48.534    2750
 45.359    2769
 45.359    2769
 44.452    2778
 53.524    2782
 54.431    2807
 54.431    2821
 54.885    2835
 45.359    2835
 91.626    2836
 54.431    2863
 54.431    2877
 75.750    2877
 55.338    2906
 68.039    2920
 76.204    2920
 51.256    2920
 51.256    2920
 40.823    2948
 54.885    2948
 70.307    2977
 56.699    2977
 63.503    2977
 62.596    2977
 56.245    2992
 97.522    3005
 49.442    3033
 83.915    3042
 85.729    3062
 58.967    3062
 72.575    3062
 40.823    3076
 40.823    3076
 59.874    3080
 59.874    3090
 52.163    3090
 38.555    3090
 54.431    3100
 58.060    3104
 58.967    3132
 43.091    3147
 52.163    3175
 49.895    3175
 49.895    3203
 69.400    3203
 46.720    3203
 53.977    3225
 53.977    3225
 53.977    3232
 49.895    3232
 63.503    3234
 60.328    3260
 76.657    3274
 52.163    3274
113.398    3303
 63.957    3317
 71.668    3317
 50.802    3317
 68.039    3321
 52.163    3331
 50.802    3374
 61.235    3374
103.873    3402
 63.503    3416
 60.781    3430
 54.885    3444
 86.183    3459
 59.421    3460
 77.111    3473
 49.895    3475
 57.606    3487
 55.792    3544
 54.431    3572
 47.627    3572
 58.967    3586
 79.379    3600
 56.699    3614
 60.328    3614
 60.781    3629
106.594    3629
 43.091    3637
 61.235    3643
 61.235    3651
 69.853    3651
 66.678    3651
 66.678    3651
 62.142    3699
 49.895    3728
 83.461    3756
 49.895    3770
 49.895    3770
 54.431    3770
109.316    3790
 50.802    3799
 76.657    3827
 54.431    3856
 77.111    3860
 84.368    3860
 54.431    3884
 58.967    3884
 53.070    3912
 77.111    3940
 60.781    3941
 61.235    3941
 58.967    3969
 54.431    3983
 43.091    3997
 71.668    3997
 72.575    4054
 52.163    4054
 58.513    4111
 58.967    4153
 54.431    4167
 77.111    4174
 52.617    4593
 55.792    4990
 54.431     709
 58.967    1021
 84.822    1135
 47.627    1330
 38.555    1474
 68.039    1588
 43.998    1588
 58.060    1701
 59.874    1729
 74.843    1790
 47.627    1818
 41.277    1885
 52.163    1893
 58.967    1899
 41.730    1928
 68.039    1928
 90.718    1928
 70.307    1936
 46.720    1970
 56.699    2055
 40.370    2055
 46.266    2082
 50.802    2084
 53.070    2084
 62.596    2100
 58.967    2125
 54.431    2126
 58.967    2187
 58.967    2187
 36.287    2211
 49.895    2225
 47.627    2240
 49.442    2240
 67.132    2282
 49.895    2296
 54.885    2296
 45.359    2301
 43.545    2325
 46.266    2353
 49.895    2353
 84.822    2367
 55.338    2381
 47.627    2381
 52.163    2381
 54.431    2395
 64.410    2410
 58.967    2410
 54.431    2414
 49.895    2424
 54.431    2438
 69.853    2442
 47.627    2450
 86.183    2466
 45.813    2466
 43.091    2466
 45.359    2495
 42.638    2495
 64.410    2495
 58.967    2495
