 23.63
 23.33
 24.67
 24.88
 25.52
 26.46
 26.16
 23.54
 24.52
 25.80
 23.59
 26.29
 26.27
 28.43
 27.33
 26.27
 27.30
 29.18
 28.15
 27.56
 27.22
 28.98
 21.17
 21.34
 23.17
 21.90
 20.29
 22.84
 22.35
 23.74
 23.53
 22.19
 23.27
 30.47
 32.18
 31.91
 29.02
 29.70
 48.91
 31.79
 39.08
 29.84
 31.14
 29.16
 19.04
 21.52
 20.60
 20.57
 20.34
 20.12
 21.31
 20.56
 21.02
 19.88
 21.02
 26.85
 27.60
 29.29
 28.44
 29.23
 28.30
 26.78
 27.53
 27.88
 29.49
 28.32
 21.28
 21.28
 22.76
 21.56
 23.04
 21.83
 20.78
 21.46
 23.26
 22.88
 23.65
 26.63
 22.97
 25.11
 25.08
 23.36
 25.27
 24.50
 24.63
 25.77
 24.52
 26.02
 23.64
 23.22
 25.40
 26.16
 23.38
 26.29
 23.34
 26.11
 24.73
 25.83
 23.62
 26.72
 25.83
 23.56
 23.92
 25.43
 25.95
 24.80
 26.06
 25.92
 23.93
 24.70
 25.58
 26.29
 25.58
 23.22
 23.93
 23.16
 23.55
 24.28
 24.52
 25.25
 26.16
 25.48
 23.84
 23.91
 25.60
 26.16
 26.40
 23.32
 25.19
 23.88
 23.62
 24.22
 25.81
 24.77
 24.49
 26.88
 23.42
 24.11
 23.30
 26.59
 24.65
 25.22
 25.58
 21.52
 22.02
 21.91
 27.70
 29.84
 19.23
 31.77
 22.48
 30.62
 19.66
 24.37
 26.06
 21.29
 30.38
 24.58
 20.30
 24.38
 20.37
 25.86
 27.41
 19.80
 29.67
 28.05
 25.28
 30.27
 33.22
 25.14
 23.32
 20.61
 24.72
 24.24
 30.97
 21.29
 23.65
 33.18
 27.45
 29.74
 27.96
 18.02
 22.66
 23.01
 21.74
 23.04
 29.68
 28.55
 27.05
 27.92
 22.43
 29.73
 27.37
 28.28
 21.62
 27.17
 23.07
 23.10
 22.22
 26.35
 25.39
 21.99
 27.57
 23.62
 32.23
 27.54
 27.20
 26.08
 22.87
 22.44
 21.36
 27.39
 22.98
 27.35
 22.79
 37.59
 21.57
 22.17
 27.21
 22.65
 21.68
 30.98
 24.96
 22.11
 26.74
 19.96
 25.58
 25.31
 25.40
 25.14
 24.03
 24.89
 24.14
 25.15
 24.34
 26.04
 25.79
 31.90
 22.60
 30.86
 20.74
 33.89
 31.77
 30.25
 29.89
 22.80
 30.48
 21.03
 29.05
 30.14
 26.98
 29.77
