 82.554
 70.307
 47.627
 48.988
 48.534
 56.245
 53.524
 46.720
 55.792
 51.256
 43.091
 68.039
 43.091
 48.534
 45.359
 45.359
 44.452
 53.524
 54.431
 54.431
 54.885
 45.359
 91.626
 54.431
 54.431
 75.750
 55.338
 68.039
 76.204
 51.256
 51.256
 40.823
 54.885
 70.307
 56.699
 63.503
 62.596
 56.245
 97.522
 49.442
 83.915
 85.729
 58.967
 72.575
 40.823
 40.823
 59.874
 59.874
 52.163
 38.555
 54.431
 58.060
 58.967
 43.091
 52.163
 49.895
 49.895
 69.400
 46.720
 53.977
 53.977
 53.977
 49.895
 63.503
 60.328
 76.657
 52.163
113.398
 63.957
 71.668
 50.802
 68.039
 52.163
 50.802
 61.235
103.873
 63.503
 60.781
 54.885
 86.183
 59.421
 77.111
 49.895
 57.606
 55.792
 54.431
 47.627
 58.967
 79.379
 56.699
 60.328
 60.781
106.594
 43.091
 61.235
 61.235
 69.853
 66.678
 66.678
 62.142
 49.895
 83.461
 49.895
 49.895
 54.431
109.316
 50.802
 76.657
 54.431
 77.111
 84.368
 54.431
 58.967
 53.070
 77.111
 60.781
 61.235
 58.967
 54.431
 43.091
 71.668
 72.575
 52.163
 58.513
 58.967
 54.431
 77.111
 52.617
 55.792
 54.431
 58.967
 84.822
 47.627
 38.555
 68.039
 43.998
 58.060
 59.874
 74.843
 47.627
 41.277
 52.163
 58.967
 41.730
 68.039
 90.718
 70.307
 46.720
 56.699
 40.370
 46.266
 50.802
 53.070
 62.596
 58.967
 54.431
 58.967
 58.967
 36.287
 49.895
 47.627
 49.442
 67.132
 49.895
 54.885
 45.359
 43.545
 46.266
 49.895
 84.822
 55.338
 47.627
 52.163
 54.431
 64.410
 58.967
 54.431
 49.895
 54.431
 69.853
 47.627
 86.183
 45.813
 43.091
 45.359
 42.638
 64.410
 58.967
