16.11
0.51
16.04
4.72
3.14
13.8
12.52
5.16
2.73
9.75
7.79
9.22
12.79
8.89
12.97
4.93
5.76
12.58
1.16
7.12
9.05
5.67
13.83
7.75
7.3
15.05
12.33
10.52
7.02
10.11
16.64
6.35
10.5
5.66
7.05
7.35
15.1
12.89
4.3
14.83
1.52
9.08
4.81
0.4
14.8
9.58
14.62
0.24
12.84
11.02
12.79
2.26
2.03
8.93
5.52
9.64
1.57
8.01
4.67
12.47
16.22
11.96
4.44
8.16
8.11
5.03
6.27
4.32
5.54
8.27
1.91
6.99
9.66
6.14
7.23
6.77
1.83
9.46
12.9
8.21
6.44
14.9
12.83
11.88
1.08
14.76
2.94
10.93
13.47
12.89
8.42
2.78
12.94
9.97
14.53
9.58
12.3
11.61
12.19
14.38
9.6
14.94
8.13
9.8
7.93
6.75
15.66
7.09
8.1
14.93
15.3
9.99
12.31
3.82
4.73
3.35
14.55
8.74
11.97
10.19
11.22
2.94
14.83
9.13
13.04
12.31
8.93
8.51
9.07
3.25
13.62
11.95
10.73
14.49
5.71
0.19
15.27
1.13
10.43
8.21
12.67
5.1
10.26
10.61
11.45
15.26
1.57
5.87
13.24
6.89
14.75
15.34
6.47
4.88
14.61
5.47
6.2
6.87
8.85
3.7
8.22
8.35
10.07
14.92
3.84
8.56
16
12.62
11.85
12.49
4.2
10.38
9.98
4.76
12.27
14.6
11.82
10.58
9.51
1.41
8.61
9.25
10.69
8.61
15.94
15.91
3.35
4.48
13.1
0.86
1.57
2.49
7.92
14.98
5.98
4.8
3.45
13.26
4.13
13.13
6.37
1.95
5.5
0.37
11.05
2.7
8.08
15.9
7.89
14.23
14.6
14.26
6.23
6.04
11.05
9.07
4.98
7.44
7.1
5.93
3.64
4.43
4.86
13.14
4.66
5.23
0.45
10.86
2.57
1.56
14.12
0.02
12.67
3.41
14.9
14.57
15
8.41
6.45
11.04
9.23
9.9
12.22
6.84
9.68
13.33
2.8
14.9
5.26
4.97
10.05
12.77
8.85
5.94
8.2
13.24
13.94
5.82
2.5
6.62
13.2
5.32
12.24
8.23
8.28
2.29
10.38
6.69
10.74
3.57
15.75
10.25
8.7
13.52
5.46
11.2
3.07
4.93
11.87
13.51
11.15
5.14
14.33
4.13
10.89
5.99
6.13
4.24
3.4
13.49
8.34
15.26
5.6
4.69
1.95
10.11
9.07
13.72
14.7
10.94
10.03
8.87
2.78
4.99
9.66
11.65
15.75
15.16
9.65
2.37
15
10.48
2.79
2.95
2.89
15.12
15.15
11.19
13.3
15.06
14.12
12.51
5.96
9.05
5.37
12.51
0.09
5.92
4.23
11.39
4.15
9.37
5.36
6.37
13.06
14.34
2.13
10.62
7.13
14.34
1.41
7.52
0.2
7.95
9.7
4.44
11.28
11.25
2.87
2.8
13.26
0.73
15.03
6.98
5.02
3.78
1.33
0.42
6.98
11.46
13.72
9.59
3.9
15.53
12.76
5.48
7.35
14.58
4.17
0.61
8.8
12.16
4.67
1.62
5.85
12.62
12.03
13.53
11.85
6.04
