137
114
120
122
130
115
111
122
138
119
137
131
145
138
161
140
146
135
100
142
109
129
162
108
118
112
146
132
177
143
139
114
153
110
145
113
149
125
124
143
121
122
127
126
122
132
127
104
150
114
113
107
131
132
120
117
120
154
126
140
138
110
136
148
126
150
156
118
154
137
117
121
136
136
114
126
125
115
121
127
122
165
141
116
121
158
128
120
134
143
144
128
129
158
122
152
100
139
125
145
116
114
104
124
110
115
130
131
118
156
132
129
153
128
149
115
122
131
122
111
131
137
141
130
120
108
155
121
120
140
110
138
138
149
126
120
130
111
133
116
103
129
157
127
132
162
120
163
124
161
131
122
129
147
131
150
109
126
112
133
110
130
132
121
110
171
141
143
117
149
132
119
125
110
110
126
105
107
122
129
141
118
110
130
112
117
149
140
107
119
160
141
164
121
114
118
148
121
157
137
131
117
140
137
147
129
148
118
125
137
147
145
120
109
110
113
119
123
130
151
120
170
126
154
135
152
113
119
127
136
121
130
110
124
141
152
141
139
154
158
152
131
130
100
155
133
140
121
114
111
195
111
138
121
132
139
131
159
126
158
143
149
128
122
114
111
119
117
127
116
121
135
145
154
137
118
132
184
127
119
170
125
127
136
114
145
122
146
116
124
122
129
129
121
131
152
147
128
125
125
142
130
124
165
120
138
152
127
131
122
147
126
172
110
145
123
136
145
129
121
130
124
110
138
140
141
141
156
124
178
129
117
112
128
115
157
134
100
183
114
111
135
134
141
137
125
127
142
110
159
119
120
129
160
164
140
124
122
145
134
132
143
109
122
138
130
116
140
117
130
144
119
133
102
138
122
 97
140
123
158
170
142
151
113
138
171
138
129
113
128
110
133
133
170
132
130
119
122
155
135
114
115
117
188
157
137
117
127
128
122
155
170
121
120
143
131
120
122
120
150
152
100
115
151
140
137
200
143
147
196
115
181
125
111
135
153
104
103
144
107
128
121
139
140
125
139
159
142
125
136
108
166
144
150
128
126
156
132
127
132
148
136
108
129
130
100
162
110
150
147
135
128
118
120
110
116
207
149
126
123
130
115
119
129
110
160
136
125
120
110
109
116
160
133
116
126
120
124
125
119
